,VGi,VGj
0,0,1
0,0,2
0,0,3
0,1,2
0,1,3
0,2,3
0,3,4
0,3,5
0,3,6
0,3,7
0,3,8
0,3,9
0,3,10
0,3,15
0,3,18
0,3,28
0,3,29
0,3,30
0,3,31
0,3,47
0,3,50
0,4,5
0,5,6
0,5,7
0,5,8
0,5,9
0,5,10
0,6,7
0,6,8
0,6,10
0,7,8
0,7,10
0,8,9
0,8,10
0,9,10
0,10,11
0,10,12
0,10,15
0,10,18
0,10,30
0,10,31
0,10,50
0,11,12
0,11,15
0,11,18
0,11,31
0,11,50
0,12,13
0,12,14
0,12,15
0,12,18
0,12,31
0,12,50
0,13,14
0,13,15
0,14,15
0,15,16
0,15,17
0,15,18
0,15,31
0,15,50
0,16,17
0,16,18
0,17,18
0,18,19
0,18,22
0,18,28
0,18,29
0,18,30
0,18,31
0,18,50
0,19,20
0,19,21
0,19,22
0,19,28
0,19,29
0,19,30
0,19,31
0,20,21
0,20,22
0,21,22
0,22,23
0,22,24
0,22,25
0,22,26
0,22,27
0,22,28
0,22,29
0,22,30
0,22,31
0,23,24
0,23,25
0,23,26
0,23,27
0,23,28
0,23,30
0,23,31
0,24,25
0,24,26
0,24,27
0,24,28
0,24,30
0,24,31
0,25,26
0,25,27
0,25,28
0,25,30
0,25,31
0,26,27
0,26,28
0,26,30
0,26,31
0,27,28
0,27,31
0,28,29
0,28,30
0,28,31
0,29,30
0,29,31
0,30,31
0,31,32
0,31,33
0,31,34
0,31,35
0,31,36
0,31,37
0,31,38
0,31,39
0,31,40
0,31,41
0,31,42
0,31,43
0,31,44
0,31,45
0,31,46
0,31,47
0,31,50
0,32,33
0,32,34
0,32,35
0,32,36
0,32,37
0,32,44
0,32,45
0,32,46
0,32,47
0,32,50
0,33,34
0,33,35
0,33,36
0,33,37
0,33,46
0,33,47
0,33,50
0,34,35
0,34,36
0,34,37
0,34,46
0,34,47
0,34,50
0,35,36
0,35,37
0,35,46
0,35,47
0,35,50
0,36,37
0,36,47
0,36,50
0,37,38
0,37,39
0,37,40
0,37,41
0,37,42
0,37,43
0,37,44
0,37,45
0,37,46
0,37,47
0,37,50
0,38,39
0,38,40
0,38,41
0,38,42
0,38,44
0,38,45
0,38,46
0,38,47
0,38,50
0,39,40
0,39,41
0,39,42
0,39,44
0,39,45
0,39,46
0,39,47
0,39,50
0,40,41
0,40,42
0,40,45
0,40,46
0,40,47
0,40,50
0,41,42
0,41,45
0,41,46
0,41,47
0,41,50
0,42,43
0,42,44
0,42,45
0,42,46
0,42,47
0,42,50
0,43,44
0,43,45
0,43,46
0,43,47
0,43,50
0,44,45
0,44,46
0,45,46
0,46,47
0,47,48
0,47,49
0,47,50
0,48,49
0,48,50
0,49,50
0,50,51
0,50,52
0,50,53
0,50,54
0,50,55
0,50,58
0,50,59
0,50,60
0,50,61
0,50,62
0,50,63
0,50,64
0,50,65
0,50,75
0,50,76
0,50,82
0,50,83
0,50,108
0,50,126
0,50,127
0,50,153
0,50,167
0,50,183
0,50,184
0,50,188
0,50,221
0,50,226
0,50,246
0,50,254
0,50,255
0,50,256
0,50,271
0,50,282
0,50,293
0,50,346
0,50,370
0,50,371
0,50,615
0,51,52
0,51,53
0,51,54
0,51,55
0,52,53
0,53,54
0,54,55
0,55,56
0,55,57
0,55,58
0,55,59
0,55,60
0,55,62
0,55,63
0,55,64
0,56,57
0,56,58
0,56,59
0,56,60
0,56,62
0,56,63
0,56,64
0,57,58
0,57,60
0,57,63
0,57,64
0,58,59
0,58,60
0,58,63
0,58,64
0,59,60
0,60,61
0,60,62
0,60,63
0,60,64
0,61,62
0,62,63
0,62,64
0,63,64
0,64,65
0,65,66
0,65,67
0,65,68
0,65,75
0,65,76
0,65,82
0,65,83
0,66,67
0,66,68
0,67,68
0,68,69
0,68,70
0,68,73
0,68,74
0,68,75
0,68,76
0,68,83
0,69,70
0,70,71
0,70,72
0,70,73
0,70,74
0,70,75
0,70,76
0,71,72
0,71,73
0,71,74
0,71,75
0,71,76
0,72,73
0,72,74
0,72,75
0,72,76
0,73,74
0,74,75
0,75,76
0,76,77
0,76,78
0,76,80
0,76,81
0,76,82
0,76,83
0,77,78
0,78,79
0,78,80
0,78,81
0,78,82
0,78,83
0,79,80
0,79,81
0,79,82
0,79,83
0,80,81
0,80,82
0,81,82
0,82,83
0,83,84
0,83,85
0,83,86
0,83,87
0,83,90
0,83,93
0,83,97
0,83,101
0,83,104
0,83,105
0,83,106
0,83,107
0,83,108
0,83,126
0,83,127
0,83,188
0,83,255
0,83,256
0,83,271
0,83,282
0,83,293
0,83,370
0,83,371
0,84,85
0,84,86
0,84,87
0,85,86
0,85,87
0,86,87
0,87,88
0,87,89
0,87,90
0,87,93
0,87,97
0,87,101
0,87,105
0,87,106
0,87,107
0,87,108
0,87,127
0,87,370
0,87,371
0,88,89
0,88,90
0,89,90
0,90,91
0,90,92
0,90,93
0,90,101
0,90,106
0,90,107
0,90,108
0,91,92
0,91,93
0,92,93
0,93,94
0,93,96
0,93,97
0,93,101
0,93,106
0,93,107
0,93,108
0,94,95
0,94,96
0,94,97
0,94,108
0,95,96
0,95,97
0,96,97
0,97,98
0,97,99
0,97,100
0,97,101
0,97,106
0,97,107
0,97,108
0,98,99
0,98,101
0,99,100
0,99,101
0,100,101
0,101,102
0,101,103
0,101,104
0,101,105
0,101,106
0,101,107
0,101,108
0,102,103
0,102,104
0,102,106
0,102,107
0,102,108
0,103,104
0,103,108
0,104,105
0,104,106
0,104,107
0,104,108
0,105,106
0,105,107
0,105,108
0,106,107
0,106,108
0,107,108
0,108,109
0,108,110
0,108,111
0,108,112
0,108,113
0,108,114
0,108,115
0,108,116
0,108,117
0,108,123
0,108,126
0,108,127
0,109,110
0,110,111
0,110,112
0,110,115
0,110,116
0,110,117
0,110,126
0,110,127
0,111,112
0,111,115
0,111,116
0,111,117
0,111,127
0,112,113
0,112,114
0,112,115
0,112,116
0,112,117
0,113,114
0,113,115
0,113,116
0,113,117
0,114,115
0,114,116
0,114,117
0,115,116
0,115,117
0,116,117
0,117,118
0,117,119
0,117,123
0,117,126
0,117,127
0,118,119
0,118,123
0,118,126
0,118,127
0,119,120
0,119,121
0,119,123
0,119,126
0,119,127
0,120,121
0,120,123
0,120,127
0,121,122
0,121,123
0,122,123
0,123,124
0,123,125
0,123,126
0,123,127
0,124,125
0,124,126
0,125,126
0,126,127
0,127,128
0,127,130
0,127,134
0,127,138
0,127,139
0,127,141
0,127,142
0,127,143
0,127,144
0,127,147
0,127,152
0,127,153
0,127,167
0,127,183
0,127,184
0,127,188
0,127,255
0,127,256
0,127,271
0,127,282
0,127,293
0,127,370
0,127,371
0,128,129
0,128,130
0,129,130
0,130,131
0,130,134
0,130,138
0,130,139
0,130,141
0,130,142
0,130,143
0,130,144
0,130,147
0,130,153
0,130,188
0,130,282
0,130,293
0,130,370
0,130,371
0,131,132
0,131,133
0,131,134
0,131,138
0,131,139
0,131,141
0,131,143
0,131,144
0,131,147
0,131,153
0,131,188
0,131,293
0,131,370
0,131,371
0,132,133
0,132,134
0,133,134
0,134,135
0,134,136
0,134,137
0,134,138
0,134,139
0,134,141
0,134,143
0,134,144
0,134,147
0,134,153
0,135,136
0,136,137
0,136,138
0,136,139
0,136,144
0,137,138
0,138,139
0,138,144
0,139,140
0,139,141
0,139,143
0,139,144
0,140,141
0,140,144
0,141,142
0,141,143
0,141,144
0,142,143
0,142,144
0,143,144
0,144,145
0,144,147
0,144,153
0,145,146
0,145,147
0,146,147
0,147,148
0,147,149
0,147,151
0,147,152
0,147,153
0,148,149
0,148,152
0,148,153
0,149,150
0,149,151
0,149,152
0,149,153
0,150,151
0,150,152
0,150,153
0,151,152
0,151,153
0,152,153
0,153,154
0,153,159
0,153,166
0,153,167
0,153,183
0,153,184
0,153,188
0,153,293
0,153,370
0,153,371
0,154,155
0,154,156
0,154,157
0,154,158
0,154,159
0,154,167
0,154,184
0,154,188
0,155,156
0,155,157
0,155,158
0,155,159
0,156,157
0,156,158
0,156,159
0,157,158
0,157,159
0,158,159
0,159,160
0,159,162
0,159,164
0,159,165
0,159,166
0,159,167
0,159,184
0,159,188
0,160,161
0,160,162
0,160,164
0,160,165
0,160,166
0,160,167
0,161,162
0,162,163
0,162,164
0,162,165
0,162,166
0,162,167
0,163,164
0,163,166
0,164,165
0,164,166
0,165,166
0,166,167
0,167,168
0,167,169
0,167,170
0,167,174
0,167,176
0,167,178
0,167,179
0,167,183
0,167,184
0,167,188
0,168,169
0,168,170
0,168,176
0,168,178
0,168,179
0,168,183
0,168,184
0,168,188
0,169,170
0,169,184
0,169,188
0,170,171
0,170,173
0,170,174
0,170,176
0,170,178
0,170,179
0,170,183
0,170,184
0,170,188
0,171,172
0,171,173
0,171,174
0,171,176
0,171,179
0,171,183
0,171,184
0,171,188
0,172,173
0,173,174
0,173,179
0,173,184
0,173,188
0,174,175
0,174,176
0,174,179
0,174,184
0,174,188
0,175,176
0,176,177
0,176,178
0,176,179
0,176,188
0,177,178
0,177,179
0,178,179
0,179,180
0,179,181
0,179,182
0,179,183
0,179,184
0,179,188
0,180,181
0,180,182
0,180,183
0,180,184
0,181,182
0,181,183
0,182,183
0,183,184
0,184,185
0,184,186
0,184,187
0,184,188
0,185,186
0,185,188
0,186,187
0,186,188
0,187,188
0,188,189
0,188,190
0,188,191
0,188,192
0,188,200
0,188,201
0,188,208
0,188,211
0,188,212
0,188,221
0,188,226
0,188,246
0,188,254
0,188,255
0,188,256
0,188,271
0,188,282
0,188,293
0,188,370
0,188,371
0,189,190
0,189,191
0,190,191
0,191,192
0,191,200
0,191,201
0,191,211
0,191,212
0,191,221
0,191,255
0,191,256
0,191,271
0,191,282
0,191,293
0,191,371
0,192,193
0,192,194
0,192,195
0,192,196
0,192,197
0,192,198
0,192,199
0,192,200
0,192,201
0,192,211
0,192,212
0,192,221
0,192,255
0,192,256
0,192,271
0,192,282
0,192,293
0,192,371
0,193,194
0,193,195
0,193,197
0,193,198
0,193,199
0,193,200
0,194,195
0,194,200
0,195,196
0,195,197
0,195,198
0,195,199
0,195,200
0,196,197
0,196,198
0,196,199
0,196,200
0,197,198
0,197,199
0,197,200
0,198,199
0,198,200
0,199,200
0,200,201
0,201,202
0,201,203
0,201,204
0,201,205
0,201,206
0,201,208
0,201,211
0,201,212
0,201,221
0,201,282
0,201,293
0,202,203
0,202,204
0,202,206
0,202,208
0,202,212
0,203,204
0,203,206
0,203,208
0,204,205
0,204,206
0,204,208
0,205,206
0,206,207
0,206,208
0,207,208
0,208,209
0,208,210
0,208,211
0,208,212
0,209,210
0,209,211
0,209,212
0,210,211
0,211,212
0,212,213
0,212,214
0,212,215
0,212,217
0,212,218
0,212,219
0,212,220
0,212,221
0,212,282
0,212,293
0,213,214
0,213,215
0,213,221
0,214,215
0,215,216
0,215,217
0,215,218
0,215,219
0,215,221
0,216,217
0,216,218
0,216,221
0,217,218
0,218,219
0,218,221
0,219,220
0,219,221
0,220,221
0,221,222
0,221,223
0,221,224
0,221,225
0,221,226
0,221,254
0,221,255
0,221,256
0,221,271
0,221,282
0,221,293
0,222,223
0,222,224
0,222,226
0,223,224
0,224,225
0,224,226
0,225,226
0,226,227
0,226,228
0,226,229
0,226,230
0,226,233
0,226,239
0,226,240
0,226,244
0,226,246
0,226,254
0,226,255
0,226,256
0,226,282
0,226,293
0,227,228
0,227,229
0,227,230
0,228,229
0,228,230
0,229,230
0,230,231
0,230,232
0,230,233
0,230,240
0,230,246
0,230,255
0,230,256
0,230,282
0,230,293
0,231,232
0,231,233
0,232,233
0,233,234
0,233,235
0,233,236
0,233,237
0,233,238
0,233,239
0,233,240
0,233,246
0,233,256
0,233,282
0,234,235
0,234,236
0,234,240
0,235,236
0,236,237
0,236,238
0,236,239
0,236,240
0,237,238
0,237,239
0,237,240
0,238,239
0,238,240
0,239,240
0,240,241
0,240,242
0,240,243
0,240,244
0,240,246
0,241,242
0,241,244
0,241,246
0,242,243
0,242,244
0,242,246
0,243,244
0,244,245
0,244,246
0,245,246
0,246,247
0,246,248
0,246,250
0,246,251
0,246,252
0,246,253
0,246,254
0,246,255
0,246,256
0,247,248
0,248,249
0,248,250
0,248,251
0,248,252
0,248,253
0,248,254
0,248,255
0,248,256
0,249,250
0,249,251
0,249,252
0,249,253
0,249,254
0,249,255
0,249,256
0,250,251
0,250,252
0,250,253
0,250,254
0,250,255
0,251,252
0,251,253
0,251,254
0,252,253
0,253,254
0,254,255
0,255,256
0,256,257
0,256,259
0,256,260
0,256,262
0,256,270
0,256,271
0,256,282
0,257,258
0,257,259
0,257,260
0,257,262
0,257,271
0,257,282
0,258,259
0,259,260
0,260,261
0,260,262
0,260,271
0,260,282
0,261,262
0,262,263
0,262,264
0,262,265
0,262,266
0,262,269
0,262,270
0,262,271
0,262,282
0,263,264
0,263,265
0,263,271
0,264,265
0,265,266
0,265,271
0,266,267
0,266,268
0,266,269
0,266,270
0,266,271
0,267,268
0,267,270
0,267,271
0,268,269
0,268,270
0,268,271
0,269,270
0,269,271
0,270,271
0,271,272
0,271,273
0,271,274
0,271,275
0,271,276
0,271,277
0,271,278
0,271,282
0,272,273
0,272,274
0,272,275
0,272,276
0,272,277
0,272,278
0,272,282
0,273,274
0,273,275
0,273,276
0,273,277
0,273,278
0,273,282
0,274,275
0,274,276
0,274,277
0,274,278
0,275,276
0,276,277
0,276,278
0,277,278
0,278,279
0,278,280
0,278,281
0,278,282
0,279,280
0,279,281
0,279,282
0,280,281
0,280,282
0,281,282
0,282,283
0,282,284
0,282,287
0,282,288
0,282,289
0,282,290
0,282,291
0,282,293
0,283,284
0,284,285
0,284,286
0,284,287
0,284,288
0,284,289
0,284,290
0,284,291
0,284,293
0,285,286
0,285,287
0,285,288
0,285,289
0,285,290
0,285,291
0,285,293
0,286,287
0,286,288
0,286,290
0,286,291
0,286,293
0,287,288
0,287,290
0,287,291
0,287,293
0,288,289
0,288,290
0,288,291
0,288,293
0,289,290
0,289,293
0,290,291
0,290,293
0,291,292
0,291,293
0,292,293
0,293,294
0,293,295
0,293,296
0,293,297
0,293,298
0,293,299
0,293,300
0,293,301
0,293,302
0,293,305
0,293,306
0,293,330
0,293,338
0,293,346
0,293,370
0,293,371
0,294,295
0,294,296
0,294,302
0,294,306
0,295,296
0,296,297
0,296,298
0,296,300
0,296,301
0,296,302
0,296,306
0,297,298
0,297,302
0,298,299
0,298,300
0,298,301
0,298,302
0,299,300
0,299,301
0,299,302
0,300,301
0,300,302
0,301,302
0,302,303
0,302,304
0,302,305
0,302,306
0,303,304
0,303,306
0,304,305
0,304,306
0,305,306
0,306,307
0,306,308
0,306,309
0,306,310
0,306,330
0,306,338
0,306,346
0,306,370
0,306,371
0,307,308
0,307,309
0,307,310
0,308,309
0,308,310
0,309,310
0,310,311
0,310,312
0,310,313
0,310,314
0,310,315
0,310,319
0,310,320
0,310,330
0,310,338
0,310,346
0,310,370
0,310,371
0,311,312
0,311,313
0,311,314
0,311,315
0,312,313
0,312,314
0,312,315
0,313,314
0,313,315
0,314,315
0,315,316
0,315,317
0,315,318
0,315,319
0,315,320
0,316,317
0,316,318
0,316,319
0,316,320
0,317,318
0,317,319
0,317,320
0,318,319
0,318,320
0,319,320
0,320,321
0,320,322
0,320,323
0,320,324
0,320,325
0,320,330
0,320,346
0,320,371
0,321,322
0,321,323
0,321,324
0,321,325
0,321,330
0,322,323
0,323,324
0,323,325
0,323,330
0,324,325
0,325,326
0,325,327
0,325,328
0,325,329
0,325,330
0,326,327
0,326,328
0,326,329
0,326,330
0,327,328
0,327,330
0,328,329
0,328,330
0,329,330
0,330,331
0,330,332
0,330,333
0,330,334
0,330,336
0,330,337
0,330,338
0,330,346
0,330,371
0,331,332
0,331,333
0,331,337
0,331,338
0,332,333
0,332,338
0,333,334
0,333,336
0,333,337
0,333,338
0,334,335
0,334,336
0,334,337
0,334,338
0,335,336
0,336,337
0,336,338
0,337,338
0,338,339
0,338,340
0,338,342
0,338,343
0,338,344
0,338,345
0,338,346
0,339,340
0,339,343
0,339,344
0,339,345
0,339,346
0,340,341
0,340,342
0,340,343
0,340,344
0,340,345
0,340,346
0,341,342
0,341,343
0,341,344
0,341,345
0,341,346
0,342,343
0,342,344
0,342,345
0,342,346
0,343,344
0,343,345
0,343,346
0,344,345
0,344,346
0,345,346
0,346,347
0,346,348
0,346,349
0,346,350
0,346,352
0,346,370
0,346,371
0,347,348
0,347,349
0,347,350
0,347,352
0,348,349
0,348,350
0,349,350
0,350,351
0,350,352
0,351,352
0,352,353
0,352,356
0,352,357
0,352,360
0,352,361
0,352,367
0,352,370
0,352,371
0,353,354
0,353,355
0,353,356
0,353,357
0,353,360
0,353,361
0,353,370
0,353,371
0,354,355
0,354,356
0,354,357
0,354,361
0,355,356
0,355,357
0,356,357
0,357,358
0,357,359
0,357,360
0,357,361
0,358,359
0,358,360
0,358,361
0,359,360
0,360,361
0,361,362
0,361,363
0,361,364
0,361,365
0,361,366
0,361,367
0,361,370
0,361,371
0,362,363
0,362,364
0,362,365
0,362,366
0,362,367
0,362,370
0,363,364
0,363,365
0,363,366
0,363,367
0,364,365
0,364,366
0,365,366
0,366,367
0,367,368
0,367,370
0,368,369
0,368,370
0,369,370
0,370,371
0,371,372
0,371,373
0,371,374
0,371,375
0,371,377
0,371,378
0,371,380
0,371,381
0,371,382
0,371,383
0,371,401
0,371,407
0,371,409
0,371,412
0,371,413
0,371,414
0,371,423
0,371,424
0,371,441
0,371,615
0,372,373
0,372,374
0,372,375
0,372,381
0,372,382
0,373,374
0,374,375
0,375,376
0,375,377
0,375,378
0,375,380
0,375,381
0,375,382
0,376,377
0,376,378
0,376,380
0,376,381
0,376,382
0,377,378
0,378,379
0,378,380
0,378,382
0,379,380
0,380,381
0,380,382
0,381,382
0,382,383
0,382,414
0,382,423
0,382,424
0,382,441
0,383,384
0,383,385
0,383,386
0,383,387
0,383,390
0,383,393
0,383,394
0,383,395
0,383,396
0,383,397
0,383,398
0,383,399
0,383,400
0,383,401
0,383,407
0,383,409
0,383,412
0,383,413
0,383,414
0,383,423
0,383,424
0,383,441
0,384,385
0,384,386
0,385,386
0,386,387
0,386,401
0,386,414
0,386,423
0,386,424
0,387,388
0,387,389
0,387,390
0,387,395
0,387,397
0,387,398
0,387,400
0,387,401
0,387,414
0,387,423
0,387,424
0,388,389
0,388,390
0,389,390
0,390,391
0,390,392
0,390,393
0,390,394
0,390,395
0,390,397
0,390,398
0,390,400
0,390,401
0,390,414
0,390,424
0,391,392
0,391,393
0,391,394
0,391,395
0,391,400
0,391,401
0,391,414
0,391,424
0,392,393
0,392,395
0,392,424
0,393,394
0,393,395
0,394,395
0,395,396
0,395,397
0,395,398
0,395,400
0,395,401
0,395,424
0,396,397
0,396,398
0,396,400
0,396,401
0,397,398
0,397,400
0,397,401
0,398,399
0,398,400
0,399,400
0,400,401
0,401,402
0,401,403
0,401,404
0,401,405
0,401,406
0,401,407
0,401,409
0,401,413
0,401,414
0,401,424
0,402,403
0,402,414
0,403,404
0,403,405
0,403,407
0,403,414
0,404,405
0,404,414
0,405,406
0,405,407
0,405,414
0,406,407
0,406,414
0,407,408
0,407,409
0,407,414
0,408,409
0,408,414
0,409,410
0,409,411
0,409,412
0,409,413
0,409,414
0,410,411
0,410,412
0,410,413
0,410,414
0,411,412
0,411,413
0,411,414
0,412,413
0,412,414
0,413,414
0,414,415
0,414,416
0,414,418
0,414,419
0,414,421
0,414,422
0,414,423
0,414,424
0,415,416
0,416,417
0,416,418
0,416,419
0,416,422
0,416,423
0,416,424
0,417,418
0,417,419
0,418,419
0,419,420
0,419,421
0,419,422
0,419,423
0,419,424
0,420,421
0,420,422
0,420,423
0,421,422
0,421,423
0,422,423
0,423,424
0,424,425
0,424,427
0,424,429
0,424,430
0,424,434
0,424,435
0,424,436
0,424,438
0,424,441
0,425,426
0,425,427
0,425,429
0,425,430
0,425,435
0,425,436
0,425,438
0,425,441
0,426,427
0,427,428
0,427,429
0,427,430
0,427,436
0,427,438
0,427,441
0,428,429
0,429,430
0,429,438
0,429,441
0,430,431
0,430,432
0,430,433
0,430,434
0,430,435
0,430,436
0,430,438
0,430,441
0,431,432
0,431,433
0,431,434
0,431,436
0,431,438
0,431,441
0,432,433
0,432,436
0,432,438
0,433,434
0,433,436
0,433,438
0,434,435
0,434,436
0,434,438
0,435,436
0,435,438
0,436,437
0,436,438
0,437,438
0,438,439
0,438,440
0,438,441
0,439,440
0,439,441
0,440,441
0,441,442
0,441,443
0,441,444
0,441,445
0,441,446
0,441,447
0,441,448
0,441,449
0,441,450
0,441,455
0,441,456
0,441,458
0,441,459
0,441,462
0,441,463
0,441,464
0,441,465
0,441,466
0,441,468
0,441,473
0,441,502
0,441,506
0,441,508
0,441,515
0,441,517
0,441,519
0,441,521
0,441,522
0,441,531
0,441,536
0,441,541
0,441,543
0,441,571
0,441,580
0,441,586
0,441,606
0,441,615
0,442,443
0,442,446
0,442,447
0,442,449
0,442,450
0,443,444
0,443,445
0,443,446
0,443,449
0,443,450
0,444,445
0,444,446
0,445,446
0,446,447
0,446,449
0,446,450
0,447,448
0,447,449
0,447,450
0,448,449
0,448,450
0,449,450
0,450,451
0,450,452
0,450,453
0,450,454
0,450,455
0,450,456
0,450,458
0,450,459
0,450,463
0,450,465
0,450,466
0,450,468
0,450,473
0,451,452
0,452,453
0,452,455
0,452,456
0,452,459
0,452,468
0,453,454
0,453,455
0,453,456
0,453,459
0,454,455
0,454,456
0,455,456
0,456,457
0,456,458
0,456,459
0,457,458
0,458,459
0,459,460
0,459,461
0,459,462
0,459,463
0,459,466
0,459,468
0,460,461
0,460,462
0,461,462
0,462,463
0,462,468
0,463,464
0,463,465
0,463,466
0,463,468
0,464,465
0,464,466
0,464,468
0,465,466
0,465,468
0,466,467
0,466,468
0,467,468
0,468,469
0,468,470
0,468,472
0,468,473
0,469,470
0,470,471
0,470,472
0,470,473
0,471,472
0,471,473
0,472,473
0,473,474
0,473,475
0,473,479
0,473,480
0,473,481
0,473,482
0,473,484
0,473,489
0,473,490
0,473,493
0,473,497
0,473,502
0,473,506
0,473,508
0,473,515
0,473,517
0,473,521
0,473,522
0,473,536
0,473,543
0,473,580
0,473,586
0,473,606
0,473,615
0,474,475
0,475,476
0,475,477
0,475,478
0,475,479
0,475,480
0,475,481
0,475,482
0,475,484
0,475,493
0,475,497
0,475,506
0,475,508
0,475,517
0,475,521
0,475,522
0,475,543
0,475,586
0,475,606
0,475,615
0,476,477
0,476,478
0,476,480
0,476,481
0,476,482
0,477,478
0,477,480
0,477,482
0,478,479
0,478,480
0,478,482
0,479,480
0,480,481
0,480,482
0,481,482
0,482,483
0,482,484
0,483,484
0,484,485
0,484,488
0,484,489
0,484,490
0,484,493
0,484,497
0,484,508
0,484,521
0,484,522
0,484,606
0,484,615
0,485,486
0,485,488
0,485,489
0,485,490
0,485,493
0,485,497
0,485,508
0,485,521
0,485,522
0,485,615
0,486,487
0,486,488
0,486,489
0,486,490
0,486,493
0,487,488
0,487,489
0,488,489
0,489,490
0,489,493
0,490,491
0,490,492
0,490,493
0,491,492
0,491,493
0,492,493
0,493,494
0,493,496
0,493,497
0,493,508
0,493,521
0,493,522
0,493,615
0,494,495
0,494,496
0,494,497
0,495,496
0,495,497
0,496,497
0,497,498
0,497,499
0,497,500
0,497,502
0,497,506
0,497,508
0,497,521
0,497,522
0,497,615
0,498,499
0,499,500
0,499,502
0,499,508
0,500,501
0,500,502
0,500,508
0,501,502
0,502,503
0,502,504
0,502,505
0,502,506
0,502,508
0,503,504
0,503,505
0,503,506
0,503,508
0,504,505
0,504,506
0,504,508
0,505,506
0,506,507
0,506,508
0,507,508
0,508,509
0,508,510
0,508,515
0,508,517
0,508,521
0,508,522
0,509,510
0,510,511
0,510,512
0,510,513
0,510,514
0,510,515
0,510,517
0,510,521
0,510,522
0,511,512
0,512,513
0,513,514
0,513,515
0,513,517
0,514,515
0,515,516
0,515,517
0,516,517
0,517,518
0,517,519
0,517,521
0,517,522
0,518,519
0,518,521
0,518,522
0,519,520
0,519,521
0,519,522
0,520,521
0,521,522
0,522,523
0,522,524
0,522,529
0,522,530
0,522,531
0,522,536
0,522,543
0,522,606
0,522,615
0,523,524
0,524,525
0,524,528
0,524,529
0,524,530
0,524,531
0,524,536
0,524,543
0,524,615
0,525,526
0,525,527
0,525,528
0,525,529
0,525,530
0,525,531
0,526,527
0,526,528
0,526,530
0,526,531
0,527,528
0,527,531
0,528,529
0,528,530
0,528,531
0,529,530
0,529,531
0,530,531
0,531,532
0,531,533
0,531,534
0,531,535
0,531,536
0,532,533
0,532,535
0,532,536
0,533,534
0,533,535
0,533,536
0,534,535
0,534,536
0,535,536
0,536,537
0,536,538
0,536,539
0,536,540
0,536,541
0,536,543
0,537,538
0,537,539
0,537,541
0,538,539
0,538,541
0,539,540
0,539,541
0,540,541
0,541,542
0,541,543
0,542,543
0,543,544
0,543,547
0,543,551
0,543,552
0,543,557
0,543,559
0,543,560
0,543,561
0,543,562
0,543,569
0,543,571
0,543,580
0,543,586
0,543,606
0,543,615
0,544,545
0,544,546
0,544,547
0,544,551
0,544,552
0,544,557
0,544,559
0,544,560
0,544,561
0,544,562
0,544,569
0,544,571
0,544,580
0,544,586
0,544,606
0,544,615
0,545,546
0,545,547
0,546,547
0,547,548
0,547,549
0,547,551
0,547,557
0,547,559
0,547,560
0,547,561
0,547,562
0,547,569
0,547,571
0,547,580
0,547,586
0,547,606
0,547,615
0,548,549
0,548,551
0,548,557
0,548,560
0,548,561
0,548,562
0,548,569
0,548,571
0,548,580
0,548,586
0,548,606
0,548,615
0,549,550
0,549,551
0,549,561
0,549,562
0,549,569
0,549,571
0,549,580
0,549,586
0,549,615
0,550,551
0,551,552
0,551,557
0,551,560
0,551,561
0,551,562
0,551,569
0,551,571
0,551,580
0,551,586
0,551,615
0,552,553
0,552,554
0,552,555
0,552,556
0,552,557
0,552,560
0,552,561
0,552,562
0,552,569
0,552,571
0,552,580
0,552,586
0,552,615
0,553,554
0,553,557
0,554,555
0,554,556
0,554,557
0,555,556
0,555,557
0,556,557
0,557,558
0,557,559
0,557,560
0,557,561
0,557,562
0,557,586
0,557,615
0,558,559
0,558,560
0,558,561
0,558,562
0,559,560
0,559,561
0,559,562
0,560,561
0,560,562
0,561,562
0,562,563
0,562,564
0,562,565
0,562,566
0,562,569
0,562,571
0,562,580
0,562,586
0,562,615
0,563,564
0,563,565
0,563,566
0,564,565
0,564,566
0,565,566
0,566,567
0,566,568
0,566,569
0,567,568
0,567,569
0,568,569
0,569,570
0,569,571
0,569,580
0,569,586
0,569,615
0,570,571
0,571,572
0,571,573
0,571,574
0,571,576
0,571,577
0,571,578
0,571,579
0,571,580
0,571,586
0,571,615
0,572,573
0,572,574
0,572,580
0,573,574
0,573,580
0,574,575
0,574,576
0,574,577
0,574,578
0,574,579
0,574,580
0,575,576
0,575,577
0,575,579
0,575,580
0,576,577
0,576,579
0,576,580
0,577,578
0,577,579
0,577,580
0,578,579
0,578,580
0,579,580
0,580,581
0,580,582
0,580,583
0,580,584
0,580,586
0,580,615
0,581,582
0,581,583
0,582,583
0,583,584
0,583,586
0,584,585
0,584,586
0,585,586
0,586,587
0,586,588
0,586,589
0,586,590
0,586,591
0,586,592
0,586,597
0,586,598
0,586,602
0,586,603
0,586,604
0,586,606
0,586,615
0,587,588
0,587,589
0,587,590
0,587,592
0,587,606
0,587,615
0,588,589
0,588,590
0,588,592
0,589,590
0,590,591
0,590,592
0,591,592
0,592,593
0,592,594
0,592,596
0,592,597
0,592,598
0,592,602
0,592,603
0,592,604
0,592,606
0,592,615
0,593,594
0,594,595
0,594,596
0,594,597
0,594,598
0,594,603
0,594,604
0,594,606
0,595,596
0,595,597
0,595,598
0,595,606
0,596,597
0,596,598
0,596,606
0,597,598
0,598,599
0,598,601
0,598,602
0,598,603
0,598,604
0,598,606
0,599,600
0,599,601
0,599,602
0,599,603
0,599,604
0,599,606
0,600,601
0,600,602
0,600,603
0,600,604
0,600,606
0,601,602
0,601,603
0,601,604
0,601,606
0,602,603
0,602,604
0,602,606
0,603,604
0,603,606
0,604,605
0,604,606
0,605,606
0,606,607
0,606,608
0,606,609
0,606,610
0,606,611
0,606,612
0,606,613
0,606,615
0,607,608
0,607,612
0,607,613
0,607,615
0,608,609
0,608,610
0,608,611
0,608,612
0,608,615
0,609,610
0,609,611
0,609,612
0,609,615
0,610,611
0,610,612
0,611,612
0,612,613
0,612,615
0,613,614
0,613,615
0,614,615
0,615,616
0,615,617
0,615,620
0,615,631
0,615,632
0,615,633
0,615,634
0,615,636
0,615,637
0,615,640
0,615,641
0,615,650
0,615,651
0,615,662
0,615,664
0,615,665
0,615,677
0,615,678
0,615,693
0,615,704
0,615,716
0,615,717
0,615,731
0,615,812
0,616,617
0,617,618
0,617,619
0,617,620
0,617,664
0,617,665
0,617,678
0,617,693
0,617,704
0,617,716
0,617,717
0,617,731
0,618,619
0,618,620
0,619,620
0,620,621
0,620,622
0,620,625
0,620,628
0,620,629
0,620,630
0,620,631
0,620,632
0,620,633
0,620,636
0,620,637
0,620,640
0,620,641
0,620,651
0,620,664
0,620,665
0,620,678
0,620,693
0,620,704
0,620,716
0,620,717
0,620,731
0,621,622
0,621,633
0,621,636
0,621,637
0,621,641
0,621,651
0,621,665
0,621,678
0,621,704
0,621,716
0,621,717
0,621,731
0,622,623
0,622,624
0,622,625
0,622,628
0,622,629
0,622,630
0,622,631
0,622,632
0,622,633
0,622,636
0,622,637
0,622,641
0,622,651
0,622,665
0,622,678
0,622,704
0,622,716
0,622,717
0,622,731
0,623,624
0,623,625
0,624,625
0,625,626
0,625,627
0,625,628
0,625,629
0,625,631
0,625,632
0,625,633
0,625,636
0,625,641
0,626,627
0,626,629
0,627,628
0,627,629
0,628,629
0,629,630
0,629,631
0,629,633
0,629,641
0,630,631
0,631,632
0,631,633
0,632,633
0,633,634
0,633,636
0,633,641
0,634,635
0,634,636
0,635,636
0,636,637
0,636,641
0,637,638
0,637,639
0,637,640
0,637,641
0,638,639
0,638,640
0,638,641
0,639,640
0,639,641
0,640,641
0,641,642
0,641,643
0,641,644
0,641,645
0,641,646
0,641,648
0,641,649
0,641,650
0,641,651
0,641,665
0,641,678
0,641,716
0,641,717
0,641,731
0,642,643
0,642,644
0,642,645
0,642,646
0,642,648
0,642,649
0,642,650
0,642,651
0,643,644
0,643,646
0,643,651
0,644,645
0,644,646
0,644,651
0,645,646
0,646,647
0,646,648
0,646,649
0,646,650
0,646,651
0,647,648
0,647,651
0,648,649
0,648,650
0,648,651
0,649,650
0,649,651
0,650,651
0,651,652
0,651,653
0,651,655
0,651,656
0,651,657
0,651,659
0,651,660
0,651,661
0,651,662
0,651,664
0,651,665
0,651,678
0,651,717
0,651,731
0,652,653
0,653,654
0,653,655
0,653,656
0,653,660
0,653,662
0,653,664
0,653,665
0,654,655
0,654,656
0,655,656
0,656,657
0,656,659
0,656,660
0,656,662
0,656,664
0,656,665
0,657,658
0,657,659
0,657,660
0,657,662
0,657,665
0,658,659
0,658,660
0,658,662
0,659,660
0,659,662
0,660,661
0,660,662
0,661,662
0,662,663
0,662,664
0,662,665
0,663,664
0,664,665
0,665,666
0,665,667
0,665,668
0,665,669
0,665,671
0,665,672
0,665,675
0,665,676
0,665,677
0,665,678
0,665,717
0,665,731
0,666,667
0,666,668
0,666,669
0,666,678
0,667,668
0,667,669
0,668,669
0,669,670
0,669,671
0,669,678
0,670,671
0,671,672
0,671,676
0,671,677
0,671,678
0,672,673
0,672,674
0,672,675
0,672,676
0,672,677
0,672,678
0,673,674
0,673,675
0,673,676
0,673,677
0,673,678
0,674,675
0,674,677
0,674,678
0,675,676
0,675,677
0,675,678
0,676,677
0,677,678
0,678,679
0,678,681
0,678,682
0,678,685
0,678,686
0,678,687
0,678,692
0,678,693
0,678,704
0,678,716
0,678,717
0,678,731
0,679,680
0,679,681
0,679,682
0,679,686
0,679,687
0,679,693
0,679,717
0,679,731
0,680,681
0,681,682
0,682,683
0,682,684
0,682,685
0,682,686
0,682,687
0,682,693
0,683,684
0,683,685
0,683,686
0,683,687
0,684,685
0,684,686
0,684,687
0,685,686
0,685,687
0,686,687
0,687,688
0,687,690
0,687,691
0,687,692
0,687,693
0,688,689
0,688,690
0,688,691
0,688,692
0,688,693
0,689,690
0,689,693
0,690,691
0,690,692
0,690,693
0,691,692
0,691,693
0,692,693
0,693,694
0,693,695
0,693,696
0,693,697
0,693,698
0,693,699
0,693,700
0,693,701
0,693,702
0,693,704
0,693,716
0,693,717
0,694,695
0,695,696
0,695,704
0,696,697
0,696,698
0,696,699
0,696,700
0,696,701
0,696,702
0,696,704
0,697,698
0,697,699
0,697,700
0,697,701
0,697,702
0,697,704
0,698,699
0,698,701
0,698,702
0,698,704
0,699,700
0,699,701
0,699,702
0,700,701
0,701,702
0,702,703
0,702,704
0,703,704
0,704,705
0,704,706
0,704,707
0,704,708
0,704,709
0,704,710
0,704,711
0,704,712
0,704,713
0,704,714
0,704,716
0,704,717
0,705,706
0,705,707
0,705,708
0,705,714
0,705,716
0,705,717
0,706,707
0,706,714
0,706,716
0,706,717
0,707,708
0,707,714
0,707,716
0,707,717
0,708,709
0,708,710
0,708,711
0,708,713
0,708,714
0,708,716
0,708,717
0,709,710
0,709,714
0,709,716
0,709,717
0,710,711
0,710,714
0,710,716
0,710,717
0,711,712
0,711,713
0,711,714
0,711,717
0,712,713
0,712,714
0,713,714
0,714,715
0,714,716
0,714,717
0,715,716
0,716,717
0,717,718
0,717,720
0,717,721
0,717,724
0,717,725
0,717,728
0,717,730
0,717,731
0,718,719
0,718,720
0,718,721
0,718,725
0,718,728
0,718,730
0,718,731
0,719,720
0,720,721
0,721,722
0,721,724
0,721,725
0,721,728
0,721,730
0,721,731
0,722,723
0,722,724
0,722,725
0,722,730
0,722,731
0,723,724
0,724,725
0,724,731
0,725,726
0,725,727
0,725,728
0,725,730
0,725,731
0,726,727
0,726,728
0,726,730
0,726,731
0,727,728
0,727,731
0,728,729
0,728,730
0,728,731
0,729,730
0,729,731
0,730,731
0,731,732
0,731,733
0,731,734
0,731,735
0,731,736
0,731,737
0,731,738
0,731,740
0,731,741
0,731,742
0,731,743
0,731,744
0,731,745
0,731,746
0,731,773
0,731,785
0,731,787
0,731,809
0,731,812
0,732,733
0,732,734
0,733,734
0,734,735
0,734,736
0,734,737
0,734,738
0,734,743
0,734,745
0,734,746
0,735,736
0,735,737
0,735,738
0,735,746
0,736,737
0,736,738
0,737,738
0,738,739
0,738,740
0,738,741
0,738,742
0,738,743
0,738,745
0,738,746
0,739,740
0,739,741
0,739,742
0,739,743
0,739,746
0,740,741
0,740,742
0,740,743
0,740,746
0,741,742
0,741,743
0,742,743
0,743,744
0,743,745
0,743,746
0,744,745
0,744,746
0,745,746
0,746,747
0,746,748
0,746,750
0,746,751
0,746,756
0,746,758
0,746,760
0,746,766
0,746,769
0,746,770
0,746,772
0,746,773
0,746,785
0,746,787
0,746,809
0,746,812
0,747,748
0,748,749
0,748,750
0,748,751
0,748,756
0,748,758
0,748,766
0,748,769
0,748,770
0,748,772
0,748,773
0,748,787
0,748,812
0,749,750
0,750,751
0,751,752
0,751,753
0,751,754
0,751,755
0,751,756
0,751,758
0,751,766
0,751,769
0,751,770
0,751,772
0,751,773
0,751,812
0,752,753
0,752,754
0,752,755
0,752,756
0,753,754
0,753,755
0,753,756
0,754,755
0,754,756
0,755,756
0,756,757
0,756,758
0,756,766
0,756,769
0,756,770
0,756,772
0,756,773
0,756,812
0,757,758
0,758,759
0,758,760
0,758,766
0,758,769
0,758,770
0,758,772
0,758,773
0,758,812
0,759,760
0,760,761
0,760,762
0,760,763
0,760,764
0,760,765
0,760,766
0,760,770
0,760,772
0,760,773
0,761,762
0,761,763
0,761,764
0,761,765
0,761,766
0,761,773
0,762,763
0,762,764
0,762,765
0,762,766
0,763,764
0,763,765
0,763,766
0,764,765
0,764,766
0,765,766
0,766,767
0,766,768
0,766,769
0,766,770
0,766,772
0,766,773
0,767,768
0,767,769
0,767,770
0,767,773
0,768,769
0,769,770
0,769,773
0,770,771
0,770,772
0,770,773
0,771,772
0,771,773
0,772,773
0,773,774
0,773,775
0,773,776
0,773,777
0,773,778
0,773,779
0,773,781
0,773,782
0,773,783
0,773,784
0,773,785
0,773,787
0,773,812
0,774,775
0,774,777
0,774,779
0,774,783
0,774,784
0,774,785
0,774,787
0,774,812
0,775,776
0,775,777
0,775,779
0,775,784
0,775,785
0,775,787
0,776,777
0,777,778
0,777,779
0,777,785
0,778,779
0,779,780
0,779,781
0,779,782
0,779,783
0,779,784
0,779,785
0,780,781
0,780,784
0,780,785
0,781,782
0,781,783
0,781,784
0,781,785
0,782,783
0,782,784
0,782,785
0,783,784
0,783,785
0,784,785
0,785,786
0,785,787
0,786,787
0,787,788
0,787,789
0,787,790
0,787,792
0,787,793
0,787,795
0,787,796
0,787,797
0,787,798
0,787,799
0,787,800
0,787,808
0,787,809
0,787,812
0,788,789
0,788,797
0,788,798
0,788,799
0,788,800
0,788,809
0,788,812
0,789,790
0,789,793
0,789,796
0,789,797
0,789,798
0,789,799
0,789,800
0,789,812
0,790,791
0,790,792
0,790,793
0,790,796
0,790,797
0,790,798
0,790,799
0,790,800
0,790,812
0,791,792
0,791,793
0,791,799
0,791,800
0,791,812
0,792,793
0,792,812
0,793,794
0,793,795
0,793,796
0,793,797
0,793,798
0,793,799
0,793,800
0,793,812
0,794,795
0,794,796
0,794,797
0,794,798
0,794,799
0,794,812
0,795,796
0,795,797
0,795,798
0,795,799
0,796,797
0,796,799
0,797,798
0,797,799
0,798,799
0,799,800
0,799,812
0,800,801
0,800,802
0,800,803
0,800,807
0,800,808
0,800,809
0,800,812
0,801,802
0,801,812
0,802,803
0,802,809
0,802,812
0,803,804
0,803,805
0,803,806
0,803,807
0,803,808
0,803,809
0,803,812
0,804,805
0,804,806
0,804,807
0,804,808
0,804,809
0,804,812
0,805,806
0,805,807
0,805,808
0,805,809
0,805,812
0,806,807
0,806,808
0,806,809
0,806,812
0,807,808
0,807,809
0,807,812
0,808,809
0,808,812
0,809,810
0,809,811
0,809,812
0,810,811
0,810,812
0,811,812
0,812,813
0,812,818
0,812,819
0,812,820
0,812,821
0,812,822
0,812,823
0,812,824
0,812,825
0,812,829
0,812,830
0,812,831
0,812,832
0,812,834
0,812,836
0,812,838
0,812,841
0,812,844
0,812,845
0,812,846
0,812,848
0,812,849
0,812,850
0,812,861
0,812,863
0,812,866
0,812,869
0,812,879
0,812,889
0,812,895
0,812,906
0,812,922
0,813,814
0,813,815
0,813,816
0,813,817
0,813,818
0,813,819
0,813,820
0,813,821
0,813,822
0,813,823
0,813,824
0,813,825
0,813,829
0,813,830
0,813,831
0,813,832
0,813,834
0,813,836
0,813,841
0,813,844
0,813,845
0,813,846
0,813,848
0,813,849
0,813,850
0,813,861
0,813,863
0,813,866
0,813,869
0,813,879
0,813,889
0,813,895
0,813,906
0,813,922
0,814,815
0,814,816
0,815,816
0,816,817
0,817,818
0,817,819
0,817,820
0,817,821
0,817,822
0,817,824
0,817,825
0,818,819
0,818,820
0,818,821
0,818,824
0,818,825
0,819,820
0,819,821
0,819,825
0,820,821
0,820,825
0,821,822
0,821,824
0,821,825
0,822,823
0,822,824
0,822,825
0,823,824
0,824,825
0,825,826
0,825,827
0,825,828
0,825,829
0,825,830
0,825,831
0,825,832
0,825,841
0,825,850
0,826,827
0,826,828
0,826,829
0,826,831
0,826,832
0,827,828
0,827,829
0,827,831
0,827,832
0,828,829
0,828,831
0,829,830
0,829,831
0,830,831
0,831,832
0,832,833
0,832,834
0,832,836
0,832,841
0,832,850
0,833,834
0,834,835
0,834,836
0,834,841
0,835,836
0,836,837
0,836,838
0,836,841
0,837,838
0,837,841
0,838,839
0,838,840
0,838,841
0,839,840
0,839,841
0,840,841
0,841,842
0,841,843
0,841,844
0,841,845
0,841,846
0,841,848
0,841,849
0,841,850
0,842,843
0,842,844
0,843,844
0,844,845
0,844,846
0,844,848
0,844,849
0,844,850
0,845,846
0,845,848
0,845,849
0,845,850
0,846,847
0,846,848
0,846,849
0,846,850
0,847,848
0,847,850
0,848,849
0,848,850
0,849,850
0,850,851
0,850,858
0,850,859
0,850,861
0,850,863
0,850,866
0,850,869
0,850,895
0,851,852
0,851,853
0,851,854
0,851,855
0,851,856
0,851,857
0,851,858
0,851,859
0,851,861
0,851,863
0,851,866
0,851,869
0,851,895
0,852,853
0,852,854
0,852,856
0,852,859
0,852,861
0,853,854
0,854,855
0,854,856
0,854,859
0,854,861
0,855,856
0,856,857
0,856,858
0,856,859
0,856,861
0,857,858
0,857,859
0,858,859
0,859,860
0,859,861
0,860,861
0,861,862
0,861,863
0,862,863
0,863,864
0,863,865
0,863,866
0,863,869
0,864,865
0,864,866
0,865,866
0,866,867
0,866,869
0,867,868
0,867,869
0,868,869
0,869,870
0,869,871
0,869,872
0,869,873
0,869,874
0,869,878
0,869,879
0,869,889
0,869,895
0,870,871
0,871,872
0,871,873
0,871,874
0,872,873
0,873,874
0,874,875
0,874,876
0,874,877
0,874,878
0,874,879
0,875,876
0,875,877
0,875,878
0,875,879
0,876,877
0,876,878
0,876,879
0,877,878
0,878,879
0,879,880
0,879,881
0,879,882
0,879,883
0,879,884
0,879,885
0,879,886
0,879,887
0,879,888
0,879,889
0,879,895
0,880,881
0,880,882
0,880,883
0,880,884
0,880,885
0,880,888
0,880,889
0,880,895
0,881,882
0,881,883
0,881,884
0,881,885
0,881,888
0,881,889
0,881,895
0,882,883
0,882,888
0,882,889
0,882,895
0,883,884
0,883,885
0,883,888
0,883,889
0,883,895
0,884,885
0,884,888
0,884,889
0,885,886
0,885,887
0,885,888
0,885,889
0,886,887
0,886,888
0,886,889
0,887,888
0,888,889
0,889,890
0,889,891
0,889,892
0,889,893
0,889,894
0,889,895
0,890,891
0,890,895
0,891,892
0,891,894
0,891,895
0,892,893
0,892,894
0,892,895
0,893,894
0,893,895
0,894,895
0,895,896
0,895,899
0,895,900
0,895,902
0,895,906
0,896,897
0,896,898
0,896,899
0,896,900
0,896,906
0,897,898
0,897,899
0,897,900
0,898,899
0,899,900
0,900,901
0,900,902
0,900,906
0,901,902
0,902,903
0,902,904
0,902,905
0,902,906
0,903,904
0,903,906
0,904,905
0,904,906
0,905,906
0,906,907
0,906,908
0,906,909
0,906,910
0,906,911
0,906,912
0,906,917
0,906,918
0,906,922
0,907,908
0,908,909
0,908,910
0,908,911
0,908,912
0,909,910
0,909,911
0,909,912
0,910,911
0,911,912
0,912,913
0,912,916
0,912,917
0,912,918
0,912,922
0,913,914
0,913,915
0,913,916
0,913,917
0,913,918
0,914,915
0,914,916
0,914,917
0,914,918
0,915,916
0,915,918
0,916,917
0,916,918
0,917,918
0,918,919
0,918,922
0,919,920
0,919,921
0,919,922
0,920,921
0,920,922
0,921,922
